==============================================================================
==============================================================================
Thu. Oct. 6 2016                  LANDSAT 5                       Time: 06:39
                            Image Assessment System
                            GEOMETRIC VERIFY Report
==============================================================================
Order ID: 0501610054501_02344                          Path / Row - 123 / 39
Reference Image: L51BKT1011255020100_HDF.L1G

Color mapping per rank
----------------------
Rank  1 is Green: total residual <= 0.5
Rank  2 is Cyan: 0.5 < total residual <=  1
Rank  3 is Blue:  1 < total residual <=  2
Rank  4 is Yellow:  2 < total residual <=  3
Rank  5 is Red:  3 < total residual

Percentage of residuals by rank
-------------------------------
Rank   1 -- 95.7%
Rank   2 --  4.3%
Rank   3 --  0.0%
Rank   4 --  0.0%
Rank   5 --  0.0%

       GCP    Latitude    Longitude  Sample   Line     Total    Rank
        ID                           Residual Residual Residual
              (Degree)    (Degree)   (Pixel)  (Pixel)  (Pixel)
----------------------------------------------------------------------
1230390014   31.22424    113.05299    -0.13      0.03     0.14     1 
1230390015   31.22371    113.08572     0.15      0.20     0.25     1 
1230390090   31.19882    113.08518    -0.24      0.23     0.33     1 
1230390164   31.17446    113.05191    -0.41     -0.03     0.41     1 
1230390313   31.12520    113.01814    -0.18      0.20     0.27     1 
1230390319   31.12198    113.21435    -0.25      0.10     0.27     1 
1230390388   31.10031    113.01761     0.03      0.07     0.07     1 
1230390395   31.09653    113.24646    -0.29      0.26     0.39     1 
1230390407   31.08909    113.63866    -0.07     -0.06     0.09     1 
1230390463   31.07543    113.01708     0.08      0.01     0.08     1 
1230390464   31.07491    113.04977    -0.14     -0.02     0.14     1 
1230390538   31.05054    113.01656     0.02      0.21     0.21     1 
1230390539   31.05002    113.04924     0.08     -0.10     0.13     1 
1230390564   31.03446    113.86588     0.23      0.23     0.33     1 
1230390613   31.02565    113.01603    -0.03     -0.09     0.10     1 
1230390614   31.02514    113.04870     0.21      0.03     0.21     1 
1230390634   31.01311    113.70190     0.27      0.04     0.27     1 
1230390663   30.98982    114.64822    -0.07      0.01     0.07     1 
1230390689   31.00025    113.04817    -0.26      0.06     0.27     1 
1230390690   30.99973    113.08083    -0.41     -0.12     0.42     1 
1230390730   30.97207    114.38640    -0.30      0.01     0.30     1 
1230390731   30.97121    114.41902     0.06     -0.01     0.06     1 
1230390739   30.96404    114.67988     0.13      0.00     0.13     1 
1230390811   30.94194    114.58114     0.05     -0.04     0.06     1 
1230390837   30.95149    112.98182     0.21     -0.42     0.47     1 
1230390878   30.92404    114.31945    -0.01     -0.02     0.02     1 
1230390879   30.92320    114.35205    -0.06     -0.01     0.06     1 
1230390880   30.92235    114.38465     0.22      0.10     0.24     1 
1230390887   30.91617    114.61280     0.10     -0.11     0.15     1 
1230390888   30.91526    114.64539     0.08      0.08     0.11     1 
1230390915   30.92506    113.07921    -0.03     -0.15     0.15     1 
1230390948   30.90326    114.15561    -0.01      0.03     0.03     1 
1230390951   30.90084    114.25340     0.10     -0.11     0.15     1 
1230390953   30.89918    114.31859    -0.00     -0.09     0.09     1 
1230390955   30.89749    114.38377     0.29     -0.17     0.34     1 
1230390991   30.89964    113.11130     0.06     -0.26     0.27     1 
1230391015   30.88450    113.89403    -0.14      0.01     0.14     1 
1230391016   30.88376    113.92663    -0.14     -0.12     0.19     1 
1230391018   30.88227    113.99183     0.13     -0.08     0.15     1 
1230391022   30.87919    114.12220     0.03     -0.07     0.08     1 
1230391023   30.87840    114.15479    -0.15     -0.04     0.15     1 
1230391026   30.87598    114.25256     0.02     -0.07     0.07     1 
1230391027   30.87515    114.28515    -0.05      0.08     0.10     1 
1230391033   30.87004    114.48064     0.07     -0.30     0.31     1 
1230391061   30.87732    112.94766     0.06     -0.04     0.08     1 
1230391066   30.87476    113.11075    -0.08     -0.31     0.32     1 
1230391067   30.87422    113.14337    -0.10     -0.38     0.40     1 
1230391085   30.86317    113.73031    -0.05     -0.08     0.10     1 
1230391091   30.85889    113.92587     0.05     -0.07     0.08     1 
1230391095   30.85588    114.05623     0.27     -0.21     0.34     1 
1230391097   30.85432    114.12140     0.01     -0.02     0.02     1 
1230391098   30.85353    114.15398    -0.27     -0.36     0.45     1 
1230391099   30.85273    114.18656     0.01     -0.14     0.14     1 
1230391100   30.85193    114.21914     0.13     -0.11     0.17     1 
1230391102   30.85029    114.28430     0.01     -0.01     0.02     1 
1230391106   30.84691    114.41460     0.03      0.04     0.05     1 
1230391107   30.84605    114.44717    -0.01      0.00     0.01     1 
1230391136   30.85243    112.94715     0.06      0.00     0.06     1 
1230391141   30.84987    113.11021    -0.09     -0.10     0.13     1 
1230391142   30.84933    113.14282    -0.02     -0.12     0.12     1 
1230391158   30.83965    113.66442     0.04     -0.03     0.05     1 
1230391172   30.82945    114.12059    -0.10      0.10     0.14     1 
1230391175   30.82706    114.21831    -0.03     -0.15     0.15     1 
1230391176   30.82625    114.25088     0.03     -0.09     0.10     1 
1230391182   30.82119    114.44628    -0.01     -0.18     0.18     1 
1230391183   30.82032    114.47884    -0.06     -0.17     0.18     1 
1230391184   30.81944    114.51140    -0.13     -0.13     0.18     1 
1230391185   30.81855    114.54396    -0.04     -0.14     0.15     1 
1230391211   30.82754    112.94665    -0.24     -0.34     0.42     1 
1230391215   30.82551    113.07706    -0.10     -0.17     0.20     1 
1230391216   30.82498    113.10966    -0.17     -0.18     0.25     1 
1230391233   30.81477    113.66373    -0.51      0.09     0.52     2 
1230391247   30.80459    114.11979    -0.09     -0.14     0.17     1 
1230391248   30.80380    114.15235     0.08     -0.29     0.30     1 
1230391249   30.80300    114.18492     0.04     -0.23     0.24     1 
1230391258   30.79546    114.47794    -0.05     -0.06     0.07     1 
1230391260   30.79370    114.54304     0.05     -0.22     0.22     1 
1230391286   30.80264    112.94615    -0.16     -0.25     0.30     1 
1230391290   30.80062    113.07653    -0.05     -0.07     0.08     1 
1230391291   30.80009    113.10912    -0.31     -0.10     0.33     1 
1230391308   30.78989    113.66304     0.00     -0.21     0.21     1 
1230391312   30.78715    113.79334     0.25      0.18     0.31     1 
1230391314   30.78573    113.85847     0.04     -0.15     0.16     1 
1230391324   30.77813    114.18410     0.35     -0.41     0.54     2 
1230391332   30.77147    114.44450    -0.01     -0.30     0.30     1 
1230391333   30.77060    114.47705    -0.07      0.02     0.07     1 
1230391335   30.76884    114.54213    -0.12     -0.21     0.25     1 
1230391361   30.77775    112.94565    -0.14     -0.11     0.18     1 
1230391388   30.76157    113.82518    -0.11     -0.17     0.20     1 
1230391389   30.76085    113.85774     0.00     -0.21     0.21     1 
1230391392   30.75866    113.95541     0.09     -0.12     0.14     1 
1230391400   30.75246    114.21582     0.07     -0.34     0.35     1 
1230391401   30.75165    114.24837    -0.31     -0.52     0.60     2 
1230391438   30.75187    113.01031    -0.12     -0.21     0.24     1 
1230391466   30.73453    113.92211     0.02     -0.27     0.28     1 
1230391471   30.73076    114.08484     0.03     -0.37     0.38     1 
1230391473   30.72920    114.14992    -0.02     -0.07     0.07     1 
1230391537   30.71252    113.79118     0.01     -0.07     0.07     1 
1230391539   30.71111    113.85627     0.13      0.07     0.15     1 
1230391541   30.70966    113.92135    -0.30     -0.06     0.30     1 
1230391543   30.70818    113.98643    -0.19      0.05     0.20     1 
1230391544   30.70742    114.01897     0.15      0.03     0.16     1 
1230391550   30.70273    114.21417     0.15     -0.30     0.34     1 
1230391551   30.70192    114.24670    -0.21     -0.31     0.37     1 
1230391585   30.70357    112.91159    -0.20     -0.20     0.28     1 
1230391586   30.70308    112.94415     0.04     -0.12     0.13     1 
1230391588   30.70209    113.00927    -0.30     -0.12     0.32     1 
1230391589   30.70158    113.04183    -0.04     -0.56     0.56     2 
1230391618   30.68330    113.98567    -0.04     -0.10     0.11     1 
1230391619   30.68255    114.01820    -0.07     -0.06     0.09     1 
1230391622   30.68025    114.11578    -0.05     -0.02     0.06     1 
1230391660   30.67867    112.91110    -0.15     -0.28     0.31     1 
1230391661   30.67819    112.94365    -0.11     -0.10     0.15     1 
1230391662   30.67770    112.97620    -0.04     -0.22     0.22     1 
1230391663   30.67720    113.00876    -0.05     -0.27     0.28     1 
1230391684   30.66483    113.69216    -0.02     -0.08     0.08     1 
1230391688   30.66207    113.82228    -0.11      0.05     0.12     1 
1230391698   30.65459    114.14750     0.17     -0.04     0.17     1 
1230391699   30.65380    114.18001     0.09     -0.27     0.28     1 
1230391736   30.65330    112.94315    -0.20      0.01     0.20     1 
1230391737   30.65281    112.97570    -0.09      0.04     0.10     1 
1230391738   30.65231    113.00824    -0.01     -0.21     0.21     1 
1230391739   30.65180    113.04078    -0.44     -0.01     0.44     1 
1230391742   30.65023    113.13841    -0.19     -0.16     0.24     1 
1230391743   30.64969    113.17095    -0.12     -0.10     0.16     1 
1230391759   30.63995    113.69147    -0.51     -0.36     0.62     2 
1230391761   30.63859    113.75651    -0.09     -0.12     0.15     1 
1230391763   30.63719    113.82155     0.07     -0.20     0.21     1 
1230391764   30.63648    113.85407     0.19      0.07     0.20     1 
1230391768   30.63356    113.98414    -0.06     -0.10     0.12     1 
1230391810   30.62889    112.91012    -0.40     -0.36     0.54     2 
1230391811   30.62841    112.94265    -0.24     -0.03     0.24     1 
1230391834   30.61508    113.69078    -0.05     -0.12     0.13     1 
1230391835   30.61440    113.72329    -0.18      0.03     0.18     1 
1230391838   30.61232    113.82083     0.10      0.21     0.23     1 
1230391839   30.61161    113.85334    -0.03      0.01     0.03     1 
1230391840   30.61089    113.88585     0.35     -0.03     0.35     1 
1230391843   30.60869    113.98337    -0.07     -0.10     0.12     1 
1230391844   30.60794    114.01588     0.36     -0.10     0.37     1 
1230391845   30.60718    114.04838     0.14     -0.43     0.45     1 
1230391849   30.60407    114.17838     0.10     -0.14     0.17     1 
1230391885   30.60400    112.90963    -0.22     -0.06     0.23     1 
1230391886   30.60352    112.94216    -0.28     -0.16     0.32     1 
1230391887   30.60303    112.97468    -0.19     -0.29     0.35     1 
1230391888   30.60253    113.00721    -0.44     -0.20     0.48     1 
1230391890   30.60151    113.07227    -0.15     -0.07     0.16     1 
1230391913   30.58744    113.82011     0.27     -0.34     0.44     1 
1230391914   30.58673    113.85261    -0.11     -0.07     0.13     1 
1230391915   30.58602    113.88511    -0.22     -0.02     0.22     1 
1230391917   30.58456    113.95011     0.03      0.12     0.12     1 
1230391920   30.58231    114.04760    -0.18     -0.15     0.24     1 
1230391925   30.57840    114.21006     0.37      0.03     0.37     1 
1230391930   30.57429    114.37248    -0.06     -0.09     0.11     1 
1230391931   30.57344    114.40497    -0.06     -0.11     0.13     1 
1230391934   30.57086    114.50240    -0.20     -0.53     0.57     2 
1230391960   30.57911    112.90914    -0.13      0.33     0.36     1 
1230391961   30.57863    112.94166    -0.32     -0.13     0.35     1 
1230391988   30.56257    113.81939    -0.44      0.10     0.45     1 
1230391991   30.56042    113.91687     0.04      0.03     0.05     1 
1230391992   30.55969    113.94936     0.22     -0.32     0.39     1 
1230391993   30.55895    113.98185     0.19      0.10     0.21     1 
1230391995   30.55744    114.04682     0.06     -0.01     0.06     1 
1230391999   30.55433    114.17676    -0.03     -0.60     0.60     2 
1230392034   30.55469    112.87614    -0.37      0.03     0.37     1 
1230392036   30.55373    112.94116    -0.18      0.18     0.25     1 
1230392038   30.55275    113.00619    -0.14     -0.26     0.29     1 
1230392066   30.53554    113.91613    -0.04     -0.13     0.14     1 
1230392067   30.53481    113.94861    -0.10     -0.10     0.14     1 
1230392069   30.53333    114.01357    -0.18     -0.14     0.23     1 
1230392070   30.53257    114.04605    -0.14     -0.07     0.16     1 
1230392071   30.53180    114.07852     0.14     -0.06     0.15     1 
1230392072   30.53103    114.11100     0.15     -0.21     0.25     1 
1230392074   30.52946    114.17595    -0.17     -0.10     0.20     1 
1230392110   30.52932    112.90816    -0.07     -0.03     0.07     1 
1230392111   30.52884    112.94067    -0.16     -0.00     0.16     1 
1230392114   30.52735    113.03818    -0.35      0.01     0.35     1 
1230392115   30.52684    113.07068    -0.13     -0.00     0.13     1 
1230392138   30.51282    113.81795     0.19     -0.06     0.20     1 
1230392142   30.50994    113.94786     0.23      0.19     0.29     1 
1230392144   30.50845    114.01280    -0.13      0.10     0.17     1 
1230392154   30.50054    114.33745     0.47     -0.28     0.54     2 
1230392185   30.50443    112.90768    -0.12     -0.28     0.30     1 
1230392186   30.50395    112.94017    -0.43     -0.17     0.46     1 
1230392187   30.50346    112.97267    -0.17     -0.04     0.18     1 
1230392189   30.50246    113.03766    -0.09      0.02     0.09     1 
1230392190   30.50195    113.07015    -0.10      0.29     0.31     1 
1230392217   30.48507    113.94711    -0.15     -0.13     0.20     1 
1230392222   30.48129    114.10942    -0.07      0.13     0.15     1 
1230392259   30.48001    112.87470    -0.57     -0.05     0.57     2 
1230392261   30.47906    112.93968    -0.28     -0.26     0.38     1 
1230392262   30.47857    112.97217    -0.17     -0.08     0.19     1 
1230392263   30.47808    113.00465    -0.24     -0.12     0.27     1 
1230392264   30.47757    113.03714    -0.23     -0.24     0.33     1 
1230392265   30.47706    113.06963     0.06     -0.33     0.34     1 
1230392298   30.45565    114.14108     0.59      0.07     0.59     2 
1230392333   30.45558    112.84175    -0.48     -0.14     0.50     1 
1230392334   30.45512    112.87423    -0.20     -0.14     0.25     1 
1230392335   30.45465    112.90671    -0.25     -0.15     0.29     1 
1230392336   30.45417    112.93919    -0.20     -0.12     0.23     1 
1230392337   30.45368    112.97167    -0.11     -0.10     0.15     1 
1230392338   30.45319    113.00414    -0.13     -0.09     0.16     1 
1230392342   30.45113    113.13405     0.04      0.16     0.16     1 
1230392343   30.45059    113.16652    -0.51      0.15     0.53     2 
1230392372   30.43156    114.10784    -0.32      0.06     0.33     1 
1230392377   30.42759    114.27003     0.45      0.04     0.45     1 
1230392380   30.42511    114.36734    -0.05     -0.20     0.20     1 
1230392381   30.42427    114.39977     0.07      0.11     0.13     1 
1230392386   30.41994    114.56190    -0.03     -0.13     0.13     1 
1230392408   30.43069    112.84128    -0.05     -0.10     0.11     1 
1230392409   30.43023    112.87375    -0.13      0.22     0.26     1 
1230392410   30.42976    112.90622    -0.34      0.01     0.34     1 
1230392411   30.42928    112.93869    -0.39     -0.16     0.42     1 
1230392412   30.42879    112.97116    -0.13     -0.17     0.21     1 
1230392413   30.42830    113.00364    -0.36     -0.13     0.38     1 
1230392414   30.42779    113.03610    -0.31     -0.15     0.35     1 
1230392415   30.42728    113.06857    -0.23      0.01     0.23     1 
1230392419   30.42516    113.19844     0.06      0.08     0.10     1 
1230392446   30.40745    114.07461     0.04     -0.04     0.06     1 
1230392454   30.40108    114.33406    -0.05     -0.08     0.10     1 
1230392456   30.39941    114.39890    -0.32     -0.38     0.50     1 
1230392483   30.40579    112.84081    -0.30     -0.19     0.35     1 
1230392485   30.40486    112.90574    -0.23     -0.05     0.24     1 
1230392486   30.40438    112.93820    -0.14     -0.12     0.18     1 
1230392487   30.40390    112.97066    -0.18     -0.11     0.21     1 
1230392488   30.40340    113.00313    -0.19     -0.16     0.24     1 
1230392490   30.40239    113.06805    -0.18     -0.03     0.18     1 
1230392516   30.38630    113.91168     0.11     -0.01     0.11     1 
1230392517   30.38557    113.94411     0.08      0.05     0.10     1 
1230392520   30.38334    114.04140    -0.21     -0.05     0.21     1 
1230392521   30.38258    114.07383    -0.01      0.09     0.10     1 
1230392558   30.38090    112.84034    -0.11     -0.16     0.19     1 
1230392559   30.38044    112.87280    -0.17     -0.07     0.19     1 
1230392560   30.37997    112.90525    -0.24      0.14     0.28     1 
1230392561   30.37949    112.93771    -0.06      0.37     0.37     1 
1230392562   30.37901    112.97016    -0.23     -0.21     0.31     1 
1230392564   30.37801    113.03507    -0.22     -0.08     0.23     1 
1230392568   30.37592    113.16487    -0.12      0.04     0.13     1 
1230392569   30.37538    113.19732    -0.18     -0.16     0.24     1 
1230392595   30.35847    114.04063    -0.04     -0.03     0.05     1 
1230392596   30.35771    114.07305     0.04      0.07     0.08     1 
1230392597   30.35695    114.10547     0.37      0.36     0.51     2 
1230392601   30.35380    114.23513     0.05      0.11     0.12     1 
1230392607   30.34884    114.42959    -0.06     -0.06     0.08     1 
1230392609   30.34712    114.49440    -0.08      0.08     0.11     1 
1230392610   30.34625    114.52680    -0.03      0.16     0.17     1 
1230392616   30.34085    114.72118     0.12     -0.21     0.24     1 
1230392633   30.35601    112.83988    -0.23     -0.33     0.40     1 
1230392634   30.35555    112.87233    -0.31     -0.12     0.33     1 
1230392636   30.35460    112.93722    -0.32     -0.13     0.34     1 
1230392637   30.35412    112.96967    -0.23     -0.12     0.26     1 
1230392638   30.35362    113.00211    -0.32     -0.29     0.43     1 
1230392639   30.35312    113.03456    -0.18     -0.01     0.18     1 
1230392666   30.33655    113.91021    -0.07      0.06     0.09     1 
1230392668   30.33509    113.97504     0.18     -0.02     0.18     1 
1230392670   30.33360    114.03987    -0.02     -0.04     0.04     1 
1230392673   30.33130    114.13710     0.10     -0.05     0.11     1 
1230392674   30.33052    114.16951     0.14      0.11     0.18     1 
1230392683   30.32312    114.46112     0.11      0.18     0.21     1 
1230392686   30.32051    114.55830    -0.32      0.25     0.41     1 
1230392687   30.31962    114.59069     0.10     -0.05     0.11     1 
1230392691   30.31600    114.72024     0.09     -0.20     0.22     1 
1230392708   30.33111    112.83941    -0.22     -0.01     0.22     1 
1230392711   30.32971    112.93673    -0.28     -0.05     0.28     1 
1230392712   30.32922    112.96917    -0.31     -0.13     0.33     1 
1230392713   30.32873    113.00160    -0.25     -0.09     0.26     1 
1230392720   30.32506    113.22864    -0.21     -0.07     0.23     1 
1230392747   30.30721    114.10390     0.11     -0.46     0.47     1 
1230392762   30.29477    114.58978     0.25     -0.22     0.33     1 
1230392766   30.29115    114.71930    -0.09     -0.31     0.32     1 
1230392783   30.30622    112.83895    -0.21     -0.08     0.22     1 
1230392785   30.30529    112.90381    -0.31     -0.06     0.31     1 
1230392786   30.30482    112.93624    -0.26     -0.16     0.31     1 
1230392787   30.30433    112.96867    -0.19      0.07     0.20     1 
1230392818   30.28535    113.97353    -0.02      0.27     0.27     1 
1230392824   30.28078    114.16790     0.04     -0.01     0.04     1 
1230392825   30.27999    114.20029    -0.02      0.05     0.06     1 
1230392826   30.27920    114.23268    -0.06     -0.09     0.11     1 
1230392832   30.27425    114.42699     0.11     -0.15     0.19     1 
1230392834   30.27254    114.49175    -0.10     -0.09     0.13     1 
1230392835   30.27167    114.52412     0.17      0.13     0.22     1 
1230392836   30.27079    114.55650    -0.12      0.42     0.43     1 
1230392838   30.26902    114.62125     0.01     -0.16     0.16     1 
1230392841   30.26629    114.71836     0.18     -0.16     0.24     1 
1230392858   30.28132    112.83848    -0.34     -0.13     0.36     1 
1230392859   30.28087    112.87090     0.07     -0.01     0.07     1 
1230392860   30.28040    112.90333     0.10      0.09     0.14     1 
1230392862   30.27944    112.96817    -0.13     -0.16     0.21     1 
1230392864   30.27845    113.03301    -0.05     -0.12     0.13     1 
1230392868   30.27637    113.16268    -0.16     -0.11     0.19     1 
1230392888   30.26405    113.81082    -0.17      0.37     0.41     1 
1230392908   30.24854    114.45850     0.09      0.05     0.10     1 
1230392911   30.24593    114.55560     0.25     -0.25     0.36     1 
1230392934   30.25597    112.87043     0.13     -0.00     0.13     1 
1230392938   30.25406    113.00009    -0.18     -0.14     0.23     1 
1230392939   30.25356    113.03250    -0.19     -0.17     0.25     1 
1230392940   30.25305    113.06491    -0.24     -0.08     0.25     1 
1230392946   30.24984    113.25936    -0.19     -0.08     0.20     1 
1230392969   30.23486    114.00442     0.19      0.11     0.22     1 
1230392982   30.22453    114.42526     0.15     -0.03     0.15     1 
1230392983   30.22368    114.45763     0.55      0.29     0.62     2 
1230392985   30.22195    114.52235    -0.01     -0.31     0.31     1 
1230392988   30.21930    114.61942     0.04     -0.20     0.20     1 
1230393014   30.22867    113.03199     0.01     -0.27     0.27     1 
1230393042   30.21146    113.93891     0.28      0.22     0.36     1 
1230393051   30.20460    114.23024     0.15      0.00     0.15     1 
1230393056   30.20051    114.39204     0.13     -0.06     0.15     1 
1230393057   30.19966    114.42440     0.00     -0.02     0.02     1 
1230393084   30.20619    112.86949    -0.32     -0.24     0.40     1 
1230393131   30.17564    114.39119    -0.01      0.08     0.08     1 
1230393132   30.17480    114.42354     0.03      0.16     0.16     1 
1230393137   30.17048    114.58526     0.29     -0.20     0.35     1 
1230393138   30.16959    114.61760     0.19     -0.07     0.20     1 
1230393201   30.15486    114.22862     0.02      0.08     0.08     1 
1230393206   30.15078    114.39034     0.26     -0.03     0.26     1 
1230393209   30.14823    114.48736     0.32     -0.05     0.32     1 
1230393211   30.14650    114.55203     0.12     -0.04     0.12     1 
1230393231   30.15774    112.77140    -0.14     -0.18     0.23     1 
1230393276   30.12999    114.22781     0.31      0.04     0.31     1 
1230393277   30.12919    114.26014    -0.25      0.13     0.29     1 
1230393281   30.12592    114.38949     0.05      0.04     0.07     1 
1230393283   30.12423    114.45415     0.28      0.06     0.29     1 
1230393336   30.11616    113.74188    -0.08     -0.09     0.12     1 
1230393337   30.11548    113.77423    -0.10      0.03     0.10     1 
1230393352   30.10433    114.25933     0.03     -0.07     0.08     1 
1230393355   30.10188    114.35631     0.17      0.22     0.27     1 
1230393381   30.10795    112.77051    -0.16     -0.17     0.23     1 
1230393410   30.09195    113.70885    -0.12     -0.14     0.18     1 
1230393412   30.09060    113.77353     0.03     -0.14     0.14     1 
1230393413   30.08991    113.80588     0.19     -0.11     0.22     1 
1230393426   30.08026    114.22619     0.10      0.09     0.13     1 
1230393428   30.07865    114.29083    -0.00     -0.02     0.02     1 
1230393485   30.06707    113.70817    -0.03     -0.06     0.07     1 
1230393501   30.05539    114.22538    -0.15      0.18     0.24     1 
1230393502   30.05459    114.25769    -0.00      0.40     0.40     1 
1230393503   30.05379    114.29001     0.00     -0.09     0.09     1 
1230393557   30.04415    113.61051    -0.10     -0.14     0.17     1 
1230393574   30.03209    114.15996    -0.02     -0.47     0.47     1 
1230393577   30.02973    114.25688     0.02     -0.10     0.10     1 
1230393578   30.02892    114.28919     0.11     -0.18     0.21     1 
1230393579   30.02811    114.32149     0.14      0.07     0.16     1 
1230393631   30.01991    113.57754    -0.26      0.13     0.29     1 
1230393632   30.01927    113.60986    -0.13     -0.17     0.21     1 
1230393647   30.00876    114.09456     0.08     -0.09     0.12     1 
1230393651   30.00565    114.22377    -0.31      0.24     0.39     1 
1230393653   30.00405    114.28836     0.05     -0.39     0.40     1 
1230393708   29.99374    113.64152     0.00      0.29     0.29     1 
1230393716   29.98830    113.89999    -0.41     -0.09     0.42     1 
1230393719   29.98613    113.99689     0.43      0.42     0.60     2 
1230393720   29.98539    114.02919    -0.13     -0.27     0.30     1 
1230393723   29.98312    114.12608     0.05     -0.09     0.10     1 
1230393727   29.97999    114.25526    -0.02     -0.16     0.16     1 
1230393795   29.96052    114.02844    -0.25      0.07     0.25     1 
1230393866   29.93855    113.89854     0.23     -0.03     0.23     1 
1230393870   29.93564    114.02768    -0.35     -0.25     0.43     1 
1230393873   29.93338    114.12453    -0.33      0.37     0.50     1 
1230393877   29.93025    114.25363     0.18     -0.05     0.18     1 
1230393878   29.92945    114.28591     0.01      0.03     0.03     1 
1230393941   29.91367    113.89782    -0.05      0.07     0.09     1 
1230393946   29.91003    114.05920     0.33     -0.02     0.33     1 
1230394010   29.89291    113.70345    -0.22     -0.19     0.29     1 
1230394015   29.88950    113.86483     0.11      0.06     0.13     1 
1230394016   29.88880    113.89710    -0.08     -0.15     0.17     1 
1230394056   29.88389    112.76654    -0.41     -0.34     0.54     2 
1230394086   29.86736    113.73505     0.00     -0.05     0.05     1 
1230394087   29.86669    113.76732     0.20     -0.13     0.23     1 
1230394129   29.85984    112.70152    -0.30     -0.42     0.52     2 
1230394160   29.84315    113.70211     0.38     -0.29     0.48     1 
1230394162   29.84181    113.76663    -0.10     -0.07     0.12     1 
1230394233   29.81957    113.63693     0.04      0.10     0.10     1 
1230394235   29.81827    113.70144    -0.15     -0.06     0.17     1 
1230394236   29.81760    113.73369     0.12     -0.30     0.33     1 
1230394243   29.81274    113.95944    -0.08     -0.12     0.14     1 
1230394307   29.79533    113.60402     0.08     -0.09     0.12     1 
1230394311   29.79272    113.73301     0.06      0.10     0.12     1 
1230394333   29.77615    114.44213     0.30     -0.37     0.47     1 
1230394457   29.74556    113.60274     0.11      0.10     0.14     1 
1230394458   29.74492    113.63497    -0.08      0.08     0.11     1 
1230394465   29.74024    113.86057     0.18     -0.26     0.31     1 
1230394579   29.71045    112.69899     0.14     -0.08     0.16     1 
1230394601   29.69946    113.40813    -0.22     -0.08     0.23     1 
1230394602   29.69886    113.44035     0.03      0.24     0.24     1 
1230394603   29.69827    113.47257    -0.21     -0.05     0.21     1 
1230394606   29.69643    113.56923    -0.14     -0.04     0.15     1 
1230394616   29.68978    113.89137     0.04      0.08     0.09     1 
1230394617   29.68907    113.92358    -0.00     -0.11     0.11     1 
1230394618   29.68836    113.95578     0.01     -0.17     0.17     1 
1230394619   29.68764    113.98799     0.06     -0.09     0.11     1 
1230394620   29.68690    114.02019    -0.02     -0.13     0.13     1 
1230394621   29.68617    114.05240     0.06     -0.06     0.09     1 
1230394654   29.68556    112.69858    -0.48     -0.15     0.50     2 
1230394664   29.68103    113.02088    -0.24     -0.14     0.27     1 
1230394676   29.67457    113.40753    -0.15     -0.39     0.42     1 
1230394682   29.67091    113.60081    -0.04      0.04     0.05     1 
1230394691   29.66490    113.89066     0.06     -0.19     0.20     1 
1230394692   29.66420    113.92286    -0.10     -0.23     0.25     1 
1230394728   29.66107    112.66593    -0.19     -0.03     0.19     1 
1230394749   29.65084    113.34252    -0.26     -0.22     0.34     1 
1230394756   29.64666    113.56797    -0.31      0.15     0.34     1 
1230394757   29.64603    113.60017    -0.25     -0.13     0.28     1 
1230394785   29.62528    114.50138    -0.01     -0.17     0.17     1 
1230394824   29.62595    113.34194    -0.02     -0.15     0.15     1 
1230394898   29.60162    113.30917     0.14     -0.12     0.19     1 
1230394922   29.58593    114.08156     0.16     -0.14     0.21     1 
1230394923   29.58518    114.11373     0.35      0.09     0.36     1 
1230394993   29.56398    113.95215     0.45      0.02     0.45     1 
1230394996   29.56180    114.04864    -0.16      0.20     0.26     1 
1230394997   29.56105    114.08081    -0.03     -0.17     0.17     1 
1230394998   29.56030    114.11297     0.08     -0.15     0.17     1 
1230395070   29.53766    114.01574    -0.04      0.09     0.09     1 
1230395071   29.53692    114.04790     0.06      0.18     0.19     1 
1230395145   29.51278    114.01500     0.06     -0.14     0.15     1 
1230395146   29.51205    114.04715     0.23     -0.12     0.26     1 
1230395159   29.50181    114.46496     0.14     -0.31     0.34     1 
1230395216   29.49076    113.88569     0.18     -0.05     0.18     1 
1230395219   29.48863    113.98212     0.08      0.13     0.15     1 
1230395292   29.46518    113.91713     0.09     -0.31     0.32     1 
1230395384   29.42722    114.46242     0.06     -0.18     0.19     1 
1230395459   29.40235    114.46158     0.10     -0.19     0.22     1 
----------------------------------------------------------------------
---------------------------------------------------
Total correlated GCPs in Upper Left Quadrant: 115

GCP statistics this quadrant only (in Pixels)
Line residual statistics:
  Mean: -0.130
  Median: -0.132
  Standard Deviation: 0.184

Sample residual statistics:
  Mean: -0.077
  Median: -0.093
  Standard Deviation: 0.161

Quadrant RMSE: 0.287

---------------------------------------------------
Total correlated GCPs in Upper Right Quadrant: 143

GCP statistics this quadrant only (in Pixels)
Line residual statistics:
  Mean: 0.025
  Median: 0.011
  Standard Deviation: 0.165

Sample residual statistics:
  Mean: -0.080
  Median: -0.070
  Standard Deviation: 0.167

Quadrant RMSE: 0.249

---------------------------------------------------
Total correlated GCPs in Lower Left Quadrant: 72

GCP statistics this quadrant only (in Pixels)
Line residual statistics:
  Mean: -0.161
  Median: -0.184
  Standard Deviation: 0.133

Sample residual statistics:
  Mean: -0.082
  Median: -0.106
  Standard Deviation: 0.142

Quadrant RMSE: 0.266

---------------------------------------------------
Total correlated GCPs in Lower Right Quadrant: 88

GCP statistics this quadrant only (in Pixels)
Line residual statistics:
  Mean: 0.053
  Median: 0.054
  Standard Deviation: 0.171

Sample residual statistics:
  Mean: -0.040
  Median: -0.062
  Standard Deviation: 0.173

Quadrant RMSE: 0.252

---------------------------------------------------
---------------------------------------------------
Total correlated GCPs in scene: 418

GCP statistics entire scene (in Pixels)
Line residual statistics:
  Mean: -0.044
  Median: -0.043
  Standard Deviation: 0.189

Sample residual statistics:
  Mean: -0.071
  Median: -0.078
  Standard Deviation: 0.163

Scene RMSE: 0.264

